Epoca: 0
Erro: 0.18341
acertos: 10.28
0: [0,0,0,0,0,0,0,980,0,0]
1: [0,0,0,0,0,0,0,1135,0,0]
2: [0,0,0,0,0,0,0,1032,0,0]
3: [0,0,0,0,0,0,0,1010,0,0]
4: [0,0,0,0,0,0,0,982,0,0]
5: [0,0,0,0,0,0,0,892,0,0]
6: [0,0,0,0,0,0,0,958,0,0]
7: [0,0,0,0,0,0,0,1028,0,0]
8: [0,0,0,0,0,0,0,974,0,0]
9: [0,0,0,0,0,0,0,1009,0,0]

Epoca: 1
Erro: 0.179962
acertos: 10.28
0: [0,0,0,0,0,0,0,980,0,0]
1: [0,0,0,0,0,0,0,1135,0,0]
2: [0,0,0,0,0,0,0,1032,0,0]
3: [0,0,0,0,0,0,0,1010,0,0]
4: [0,0,0,0,0,0,0,982,0,0]
5: [0,0,0,0,0,0,0,892,0,0]
6: [0,0,0,0,0,0,0,958,0,0]
7: [0,0,0,0,0,0,0,1028,0,0]
8: [0,0,0,0,0,0,0,974,0,0]
9: [0,0,0,0,0,0,0,1009,0,0]

Epoca: 2
Erro: 0.179961
acertos: 10.28
0: [0,0,0,0,0,0,0,980,0,0]
1: [0,0,0,0,0,0,0,1135,0,0]
2: [0,0,0,0,0,0,0,1032,0,0]
3: [0,0,0,0,0,0,0,1010,0,0]
4: [0,0,0,0,0,0,0,982,0,0]
5: [0,0,0,0,0,0,0,892,0,0]
6: [0,0,0,0,0,0,0,958,0,0]
7: [0,0,0,0,0,0,0,1028,0,0]
8: [0,0,0,0,0,0,0,974,0,0]
9: [0,0,0,0,0,0,0,1009,0,0]

Epoca: 3
Erro: 0.17996
acertos: 10.28
0: [0,0,0,0,0,0,0,980,0,0]
1: [0,0,0,0,0,0,0,1135,0,0]
2: [0,0,0,0,0,0,0,1032,0,0]
3: [0,0,0,0,0,0,0,1010,0,0]
4: [0,0,0,0,0,0,0,982,0,0]
5: [0,0,0,0,0,0,0,892,0,0]
6: [0,0,0,0,0,0,0,958,0,0]
7: [0,0,0,0,0,0,0,1028,0,0]
8: [0,0,0,0,0,0,0,974,0,0]
9: [0,0,0,0,0,0,0,1009,0,0]

Epoca: 4
Erro: 0.179959
acertos: 10.28
0: [0,0,0,0,0,0,0,980,0,0]
1: [0,0,0,0,0,0,0,1135,0,0]
2: [0,0,0,0,0,0,0,1032,0,0]
3: [0,0,0,0,0,0,0,1010,0,0]
4: [0,0,0,0,0,0,0,982,0,0]
5: [0,0,0,0,0,0,0,892,0,0]
6: [0,0,0,0,0,0,0,958,0,0]
7: [0,0,0,0,0,0,0,1028,0,0]
8: [0,0,0,0,0,0,0,974,0,0]
9: [0,0,0,0,0,0,0,1009,0,0]

Epoca: 5
Erro: 0.179955
acertos: 10.28
0: [0,0,0,0,0,0,0,980,0,0]
1: [0,0,0,0,0,0,0,1135,0,0]
2: [0,0,0,0,0,0,0,1032,0,0]
3: [0,0,0,0,0,0,0,1010,0,0]
4: [0,0,0,0,0,0,0,982,0,0]
5: [0,0,0,0,0,0,0,892,0,0]
6: [0,0,0,0,0,0,0,958,0,0]
7: [0,0,0,0,0,0,0,1028,0,0]
8: [0,0,0,0,0,0,0,974,0,0]
9: [0,0,0,0,0,0,0,1009,0,0]

Epoca: 6
Erro: 0.174927
acertos: 26.69
0: [973,1,0,0,0,0,0,6,0,0]
1: [0,1130,0,0,0,0,0,5,0,0]
2: [185,376,0,0,0,0,0,471,0,0]
3: [219,210,0,0,0,0,0,581,0,0]
4: [90,287,0,0,0,0,0,605,0,0]
5: [362,75,0,0,0,0,0,455,0,0]
6: [319,210,0,0,0,0,0,429,0,0]
7: [178,284,0,0,0,0,0,566,0,0]
8: [180,249,0,0,0,0,0,545,0,0]
9: [110,223,0,0,0,0,0,676,0,0]

Epoca: 7
Erro: 0.142729
acertos: 53.5
0: [940,1,0,21,0,5,1,11,0,1]
1: [0,1101,26,2,1,1,4,0,0,0]
2: [13,10,873,58,37,8,27,5,0,1]
3: [38,3,606,254,27,17,54,9,0,2]
4: [0,25,3,1,919,1,22,2,0,9]
5: [31,10,219,256,64,63,164,62,0,23]
6: [19,171,308,103,78,11,264,3,0,1]
7: [8,8,21,7,70,7,37,803,0,67]
8: [8,25,427,116,84,16,268,13,0,17]
9: [4,7,4,16,783,5,13,44,0,133]

Epoca: 8
Erro: 0.0665279
acertos: 88.02
0: [923,1,1,14,0,25,6,4,5,1]
1: [0,1118,6,3,1,0,2,0,5,0]
2: [2,32,868,54,19,3,18,5,23,8]
3: [2,5,20,902,1,26,0,19,29,6]
4: [0,14,1,0,916,0,17,0,4,30]
5: [6,5,7,62,17,667,19,7,86,16]
6: [8,6,8,0,13,21,886,0,16,0]
7: [1,31,13,30,8,1,1,846,5,92]
8: [4,38,7,35,22,19,6,2,822,19]
9: [3,14,2,12,88,11,1,14,10,854]

Epoca: 9
Erro: 0.0282709
acertos: 91.99
0: [958,1,0,1,0,13,4,1,2,0]
1: [0,1114,4,3,1,1,5,0,7,0]
2: [12,7,906,43,15,4,13,14,16,2]
3: [2,1,15,942,0,14,1,16,16,3]
4: [1,7,2,0,921,0,16,0,5,30]
5: [8,1,1,29,2,803,21,0,18,9]
6: [9,3,3,0,7,24,907,0,5,0]
7: [4,13,21,15,3,1,0,894,5,72]
8: [5,10,6,39,17,19,11,2,856,9]
9: [9,8,1,13,53,9,1,9,8,898]

Epoca: 10
Erro: 0.020628
acertos: 93.57
0: [960,1,1,2,0,9,4,1,2,0]
1: [0,1119,3,3,0,0,4,0,6,0]
2: [11,5,948,30,13,1,9,5,9,1]
3: [0,2,13,965,0,2,1,11,12,4]
4: [1,5,1,0,946,0,15,0,2,12]
5: [9,0,1,26,3,809,21,0,15,8]
6: [5,4,3,0,7,12,921,0,6,0]
7: [5,14,20,13,6,0,0,914,4,52]
8: [7,11,5,26,14,12,10,1,884,4]
9: [10,8,1,14,64,6,1,7,7,891]

Epoca: 11
Erro: 0.0166019
acertos: 94.67
0: [958,0,0,1,3,8,4,1,2,3]
1: [0,1123,3,2,0,0,4,0,3,0]
2: [10,4,964,24,8,0,8,5,8,1]
3: [0,3,8,962,0,7,1,10,14,5]
4: [1,4,1,0,927,0,12,0,1,36]
5: [7,0,0,18,1,833,15,0,12,6]
6: [4,5,0,0,6,13,926,0,4,0]
7: [4,16,19,8,4,0,0,922,4,51]
8: [5,9,1,13,10,14,7,2,908,5]
9: [9,6,1,8,22,5,1,7,6,944]

Epoca: 12
Erro: 0.0138696
acertos: 95.26
0: [967,0,1,1,1,5,1,1,2,1]
1: [0,1126,2,1,1,0,1,0,4,0]
2: [11,6,972,18,3,0,7,5,9,1]
3: [0,4,5,961,0,8,1,10,17,4]
4: [1,6,1,0,923,0,10,0,2,39]
5: [9,0,0,14,0,837,12,0,15,5]
6: [4,5,1,0,4,9,931,0,4,0]
7: [4,16,18,7,2,0,0,938,5,38]
8: [6,9,0,9,7,13,6,2,918,4]
9: [10,6,0,7,12,4,1,7,9,953]

Epoca: 13
Erro: 0.0118722
acertos: 95.77
0: [966,0,0,1,1,4,3,1,3,1]
1: [0,1129,2,1,0,0,0,0,3,0]
2: [10,5,980,15,4,0,5,5,8,0]
3: [0,4,6,954,0,15,1,11,16,3]
4: [1,5,1,0,942,0,8,0,2,23]
5: [5,0,0,8,0,851,8,0,16,4]
6: [5,5,2,0,4,8,930,0,4,0]
7: [4,14,15,4,2,0,0,960,4,25]
8: [5,8,0,10,8,11,5,2,922,3]
9: [9,6,0,6,22,5,1,7,10,943]

Epoca: 14
Erro: 0.0102842
acertos: 96.05
0: [966,0,0,1,1,3,2,1,4,2]
1: [0,1125,4,1,0,0,1,0,4,0]
2: [7,2,989,11,5,0,5,6,7,0]
3: [0,3,6,964,0,10,1,11,13,2]
4: [1,2,2,0,947,0,8,1,0,21]
5: [6,1,0,14,2,844,9,0,13,3]
6: [4,5,3,0,4,8,930,0,4,0]
7: [4,11,19,2,3,0,0,968,3,18]
8: [5,7,0,10,9,8,5,3,924,3]
9: [7,6,0,9,18,4,1,7,9,948]

Epoca: 15
Erro: 0.00908181
acertos: 96.08
0: [962,0,0,0,3,4,3,1,4,3]
1: [0,1129,3,1,0,0,0,0,2,0]
2: [9,3,984,14,5,0,2,7,8,0]
3: [0,0,7,957,0,20,0,11,13,2]
4: [1,1,2,0,944,0,8,1,0,25]
5: [4,0,0,6,2,855,8,0,13,4]
6: [6,5,1,0,6,11,924,0,5,0]
7: [2,11,13,3,5,1,0,978,4,11]
8: [4,8,0,9,9,13,2,3,923,3]
9: [6,6,0,7,15,6,1,10,6,952]

Epoca: 16
Erro: 0.00807153
acertos: 96.19
0: [962,0,0,0,3,5,4,1,2,3]
1: [0,1127,4,1,0,0,1,0,2,0]
2: [10,3,991,9,5,0,3,6,5,0]
3: [0,1,9,960,0,19,1,11,7,2]
4: [2,2,0,0,943,0,8,1,0,26]
5: [5,0,0,6,0,864,7,0,6,4]
6: [7,4,1,0,5,13,925,0,3,0]
7: [2,9,11,2,6,1,0,979,2,16]
8: [6,7,0,9,12,16,4,3,912,5]
9: [7,7,0,7,15,7,1,8,1,956]

Epoca: 17
Erro: 0.00727221
acertos: 96.39
0: [961,1,1,0,2,4,3,1,3,4]
1: [0,1128,3,1,1,0,0,0,2,0]
2: [8,3,997,8,4,0,1,6,5,0]
3: [0,1,8,956,0,19,1,11,11,3]
4: [2,1,1,0,954,0,8,1,0,15]
5: [5,0,0,9,2,856,7,1,10,2]
6: [6,6,2,0,6,14,919,0,5,0]
7: [3,8,11,1,4,0,0,989,1,11]
8: [4,8,0,7,10,10,4,3,925,3]
9: [4,7,0,7,18,4,1,11,3,954]

Epoca: 18
Erro: 0.00653844
acertos: 96.4
0: [964,0,1,1,3,4,3,1,0,3]
1: [0,1126,3,1,1,0,1,0,3,0]
2: [8,2,994,8,4,0,2,7,7,0]
3: [0,1,7,961,0,19,1,12,7,2]
4: [2,0,1,0,944,0,8,1,0,26]
5: [4,0,0,9,0,863,7,1,3,5]
6: [6,5,1,0,5,9,928,0,4,0]
7: [3,6,12,1,3,0,0,990,1,12]
8: [6,4,0,12,9,16,4,3,914,6]
9: [5,7,0,9,13,7,1,10,1,956]

Epoca: 19
Erro: 0.00603796
acertos: 96.68
0: [964,1,1,0,2,4,2,1,2,3]
1: [0,1124,4,1,1,0,0,0,5,0]
2: [7,3,1002,5,3,0,1,5,6,0]
3: [0,1,10,957,0,18,1,12,9,2]
4: [2,1,2,0,950,0,6,1,1,19]
5: [4,0,0,9,0,860,6,1,8,4]
6: [5,4,2,0,4,9,930,0,4,0]
7: [3,6,12,2,1,0,0,992,2,10]
8: [6,4,0,8,8,8,4,2,931,3]
9: [3,6,0,8,13,5,1,10,5,958]

Epoca: 20
Erro: 0.00562498
acertos: 96.58
