Epoca: 0
Erro: 0.15946
acertos: 75.59
0: [942,1,0,9,0,1,21,1,5,0]
1: [0,1109,5,5,0,0,3,0,12,1]
2: [14,25,821,80,28,0,31,5,23,5]
3: [9,16,38,844,2,16,1,19,54,11]
4: [0,10,0,0,778,0,50,0,9,135]
5: [39,8,15,248,23,145,58,21,245,90]
6: [21,3,4,1,23,0,886,0,20,0]
7: [13,38,7,32,10,2,0,779,17,130]
8: [14,38,41,172,39,21,36,5,550,58]
9: [13,5,1,14,231,7,5,20,8,705]

Epoca: 1
Erro: 0.0421336
acertos: 90.44
0: [966,0,0,1,0,3,2,1,6,1]
1: [0,1102,3,6,0,1,5,0,17,1]
2: [15,7,904,32,14,4,17,9,25,5]
3: [2,1,14,924,2,24,0,8,21,14]
4: [1,6,3,0,848,0,17,0,7,100]
5: [18,5,5,57,11,713,22,1,48,12]
6: [23,3,4,0,7,11,899,0,11,0]
7: [9,13,25,13,10,0,0,871,1,86]
8: [8,7,7,27,15,9,6,1,873,21]
9: [13,5,2,11,16,4,0,6,8,944]

Epoca: 2
Erro: 0.0230312
acertos: 93.56
0: [967,1,0,1,0,2,3,1,4,1]
1: [0,1112,4,4,1,1,4,0,9,0]
2: [18,4,941,20,12,0,14,9,12,2]
3: [3,0,14,951,1,7,2,8,12,12]
4: [2,1,3,0,909,0,14,0,2,51]
5: [15,1,1,30,4,795,16,1,16,13]
6: [15,3,2,1,6,4,923,0,4,0]
7: [8,11,22,11,7,0,0,926,2,41]
8: [8,9,3,23,14,6,9,1,886,15]
9: [12,5,1,13,21,0,1,6,4,946]

Epoca: 3
Erro: 0.0172247
acertos: 94.88
0: [968,1,0,1,0,2,3,1,3,1]
1: [0,1119,3,2,1,1,3,0,6,0]
2: [15,4,966,13,7,0,5,8,13,1]
3: [2,1,9,955,1,10,1,8,13,10]
4: [2,0,2,0,917,0,12,0,2,47]
5: [9,1,0,12,7,825,13,1,14,10]
6: [12,3,0,0,3,5,931,0,4,0]
7: [6,11,19,10,9,0,0,943,1,29]
8: [12,9,0,10,11,3,8,2,910,9]
9: [10,6,1,13,15,0,1,5,4,954]

Epoca: 4
Erro: 0.0139955
acertos: 95.6
0: [965,0,0,0,1,2,4,2,4,2]
1: [0,1121,2,2,0,0,3,0,7,0]
2: [13,4,976,13,5,0,3,7,10,1]
3: [0,1,8,953,2,14,0,8,14,10]
4: [1,0,1,0,935,0,9,0,2,34]
5: [6,1,0,11,5,836,11,2,12,8]
6: [7,4,0,0,5,5,932,0,5,0]
7: [4,14,13,5,6,0,0,962,3,21]
8: [8,9,0,6,10,3,7,3,923,5]
9: [6,6,0,13,13,3,1,4,6,957]

Epoca: 5
Erro: 0.011845
acertos: 95.99
0: [964,0,0,0,1,2,5,2,4,2]
1: [0,1121,2,2,1,0,3,0,6,0]
2: [10,5,978,12,5,0,6,7,8,1]
3: [1,1,6,943,1,22,0,10,17,9]
4: [1,0,0,0,945,0,8,0,2,26]
5: [2,1,0,8,5,853,6,1,10,6]
6: [5,4,0,0,6,5,932,0,6,0]
7: [2,13,10,4,6,0,0,977,3,13]
8: [4,8,0,5,8,5,5,3,932,4]
9: [5,6,0,13,15,3,1,4,8,954]

Epoca: 6
Erro: 0.0102552
acertos: 96.42
0: [963,0,0,0,2,2,5,2,4,2]
1: [0,1122,2,2,1,0,2,0,6,0]
2: [9,5,987,10,4,1,3,8,5,0]
3: [0,1,5,951,1,20,0,11,16,5]
4: [1,0,0,0,953,0,7,0,1,20]
5: [1,0,0,9,4,855,6,2,9,6]
6: [3,4,1,0,5,5,935,0,5,0]
7: [1,12,9,2,4,0,0,986,2,12]
8: [4,5,0,6,9,4,4,3,936,3]
9: [4,6,0,11,15,3,1,5,10,954]

Epoca: 7
Erro: 0.00903744
acertos: 96.65
0: [965,0,0,0,3,2,3,2,4,1]
1: [0,1124,2,2,1,0,2,0,4,0]
2: [9,5,992,9,3,1,2,7,4,0]
3: [0,0,5,961,1,13,0,11,15,4]
4: [1,0,1,0,958,0,7,0,1,14]
5: [1,0,0,9,3,860,5,1,8,5]
6: [3,4,1,0,5,5,935,0,5,0]
7: [1,13,9,2,2,0,0,988,2,11]
8: [2,5,0,9,9,6,4,3,934,2]
9: [4,6,0,12,21,3,1,5,9,948]

Epoca: 8
Erro: 0.00803494
acertos: 96.73
0: [964,0,1,0,3,3,2,2,4,1]
1: [0,1125,2,2,1,0,2,0,3,0]
2: [7,6,994,10,3,0,2,7,3,0]
3: [0,0,4,967,1,13,0,10,13,2]
4: [1,0,1,0,960,1,7,0,0,12]
5: [1,0,0,9,3,864,4,1,5,5]
6: [3,4,1,0,4,5,936,0,5,0]
7: [1,10,10,4,2,0,0,987,1,13]
8: [2,5,0,10,10,7,5,3,928,4]
9: [4,6,0,11,23,3,1,5,8,948]

Epoca: 9
Erro: 0.00720151
acertos: 96.84
0: [965,0,0,0,3,3,2,2,4,1]
1: [0,1123,2,2,2,1,2,0,3,0]
2: [6,4,997,11,3,0,2,6,3,0]
3: [0,0,4,968,1,14,0,9,12,2]
4: [1,0,1,0,960,1,8,0,0,11]
5: [1,0,0,9,3,866,4,0,5,4]
6: [3,3,1,0,4,6,936,0,5,0]
7: [1,10,7,5,2,0,0,989,1,13]
8: [2,5,2,9,10,10,3,3,926,4]
9: [4,6,0,11,19,3,1,5,6,954]

Epoca: 10
Erro: 0.00645673
acertos: 96.93
0: [967,0,0,0,2,2,2,2,4,1]
1: [0,1124,1,2,1,1,2,0,4,0]
2: [8,3,994,10,3,1,2,6,5,0]
3: [1,0,4,966,1,14,0,10,12,2]
4: [1,0,1,0,958,1,7,0,0,14]
5: [1,0,0,9,3,867,4,0,5,3]
6: [4,3,1,0,6,8,931,0,5,0]
7: [1,7,6,5,2,0,0,992,1,14]
8: [3,4,1,7,9,8,2,3,934,3]
9: [4,6,0,11,12,4,1,5,6,960]

Epoca: 11
Erro: 0.00579668
acertos: 96.87
