Epoca: 0
Erro: 0.152312
acertos: 78.22
0: [953,0,0,5,2,3,9,1,7,0]
1: [0,1092,4,5,0,0,3,0,30,1]
2: [10,21,834,87,22,1,30,7,17,3]
3: [5,5,23,892,1,7,1,14,47,15]
4: [1,2,0,0,768,1,33,0,30,147]
5: [16,10,8,330,24,79,29,9,292,95]
6: [23,3,5,0,8,1,885,0,33,0]
7: [5,35,8,28,4,1,0,806,21,120]
8: [7,11,8,164,17,3,11,2,714,37]
9: [12,5,0,19,129,3,3,14,25,799]

Epoca: 1
Erro: 0.036678
acertos: 91.21
0: [965,0,0,2,0,3,3,1,5,1]
1: [0,1101,4,5,0,1,4,0,20,0]
2: [14,11,906,36,10,1,17,10,23,4]
3: [2,1,10,940,0,14,1,6,23,13]
4: [2,4,1,0,865,0,17,1,4,88]
5: [12,2,2,52,6,743,24,1,37,13]
6: [18,4,2,0,6,7,913,0,8,0]
7: [5,14,22,21,5,0,0,871,2,88]
8: [7,5,3,38,12,7,9,1,872,20]
9: [12,7,0,14,17,1,0,4,9,945]

Epoca: 2
Erro: 0.0215602
acertos: 93.53
0: [968,1,0,1,0,2,4,1,2,1]
1: [0,1113,3,3,0,1,3,0,12,0]
2: [16,6,926,31,9,1,9,12,20,2]
3: [0,0,5,966,1,4,1,7,14,12]
4: [2,3,2,0,886,0,12,0,2,75]
5: [10,1,0,32,5,799,14,2,17,12]
6: [9,5,0,0,6,8,923,0,7,0]
7: [4,11,13,19,6,0,0,931,1,43]
8: [6,6,1,33,10,7,9,2,883,17]
9: [11,7,1,13,9,1,1,3,5,958]

Epoca: 3
Erro: 0.0167457
acertos: 94.9
0: [968,1,0,1,0,2,4,1,2,1]
1: [0,1118,3,2,0,1,3,0,8,0]
2: [14,6,949,20,7,1,4,9,21,1]
3: [0,0,4,965,2,7,1,7,12,12]
4: [1,2,2,0,918,0,10,0,2,47]
5: [9,2,0,16,4,823,11,2,13,12]
6: [5,5,0,0,4,6,931,0,7,0]
7: [4,12,13,10,5,0,0,952,1,31]
8: [3,8,0,20,9,6,5,2,908,13]
9: [9,8,1,11,11,3,1,4,3,958]

Epoca: 4
Erro: 0.0138182
acertos: 95.48
0: [967,1,0,1,0,3,4,1,2,1]
1: [0,1120,3,2,0,1,3,0,6,0]
2: [10,4,964,17,5,2,2,8,19,1]
3: [0,0,6,968,1,11,0,5,10,9]
4: [1,4,1,0,932,0,9,0,2,33]
5: [6,2,0,15,5,830,9,2,13,10]
6: [6,5,0,0,4,7,930,0,6,0]
7: [4,14,13,8,4,0,0,956,2,27]
8: [3,9,0,13,8,6,5,2,922,6]
9: [9,7,1,9,10,5,1,3,5,959]

Epoca: 5
Erro: 0.0119182
acertos: 95.85
0: [967,1,0,1,0,3,3,1,2,2]
1: [0,1120,4,2,0,1,2,0,6,0]
2: [8,4,983,11,4,1,1,8,12,0]
3: [0,0,7,970,1,8,0,6,11,7]
4: [1,2,2,0,936,0,8,0,2,31]
5: [6,2,0,15,1,836,8,2,13,9]
6: [4,4,0,0,6,8,930,0,6,0]
7: [5,12,12,9,3,0,0,963,3,21]
8: [4,9,1,13,7,6,5,2,923,4]
9: [9,8,1,9,12,3,1,3,6,957]

Epoca: 6
Erro: 0.0105087
acertos: 96.16
0: [967,1,0,1,0,3,3,1,2,2]
1: [0,1120,4,2,0,1,2,0,6,0]
2: [9,3,991,11,3,1,1,5,8,0]
3: [0,0,6,970,3,8,0,6,11,6]
4: [1,1,2,0,944,0,8,0,2,24]
5: [5,2,0,15,2,837,8,2,14,7]
6: [5,4,0,0,7,5,931,0,6,0]
7: [5,11,12,8,5,0,0,971,2,14]
8: [4,6,2,9,6,5,5,2,933,2]
9: [8,8,1,9,18,4,1,3,5,952]

Epoca: 7
Erro: 0.00941114
acertos: 96.2
0: [964,1,0,1,1,3,5,1,2,2]
1: [0,1120,4,2,1,0,2,0,6,0]
2: [9,3,995,10,3,1,1,5,5,0]
3: [0,0,6,972,3,8,0,5,10,6]
4: [1,1,3,0,946,0,8,0,2,21]
5: [5,2,0,14,2,838,7,3,14,7]
6: [4,4,0,0,7,5,932,0,6,0]
7: [4,11,12,8,7,0,0,972,2,12]
8: [4,7,3,10,6,3,4,2,933,2]
9: [8,8,1,9,21,4,1,3,6,948]

Epoca: 8
Erro: 0.0085321
acertos: 96.31
0: [967,1,0,1,1,2,3,1,2,2]
1: [0,1120,4,2,1,0,2,0,6,0]
2: [7,3,997,12,3,1,1,4,4,0]
3: [0,0,6,974,2,11,0,6,7,4]
4: [1,0,3,0,948,0,8,0,2,20]
5: [5,2,0,16,2,840,7,3,11,6]
6: [4,3,0,0,6,6,934,0,5,0]
7: [3,8,13,8,9,0,0,971,3,13]
8: [4,6,3,13,6,5,4,3,927,3]
9: [7,8,1,9,19,4,1,3,4,953]

Epoca: 9
Erro: 0.00778782
acertos: 96.39
0: [966,1,0,1,1,2,3,1,3,2]
1: [0,1121,3,2,0,0,2,0,7,0]
2: [7,3,998,13,3,1,1,2,4,0]
3: [0,0,7,976,2,8,0,5,9,3]
4: [1,0,3,0,949,0,8,0,3,18]
5: [4,2,0,17,2,839,7,3,13,5]
6: [3,4,1,0,5,4,936,0,5,0]
7: [3,7,14,8,8,0,0,975,3,10]
8: [4,5,4,12,6,4,3,3,931,2]
9: [7,8,1,12,22,4,1,3,3,948]

Epoca: 10
Erro: 0.00713922
acertos: 96.54
0: [966,1,0,1,1,2,3,1,3,2]
1: [0,1120,3,2,0,0,2,0,8,0]
2: [7,3,1002,10,2,1,1,2,4,0]
3: [0,0,6,982,0,8,0,6,7,1]
4: [1,1,3,0,948,1,8,0,4,16]
5: [4,2,0,16,2,843,6,2,12,5]
6: [4,4,1,0,5,6,933,0,5,0]
7: [3,7,12,9,7,0,0,978,4,8]
8: [4,4,3,12,5,6,2,3,934,1]
9: [7,7,1,15,18,4,1,4,4,948]

Epoca: 11
Erro: 0.00657315
acertos: 96.58
0: [966,1,0,1,1,1,4,1,3,2]
1: [0,1120,3,2,0,0,2,0,8,0]
2: [5,3,1003,11,1,1,2,2,4,0]
3: [0,0,6,978,0,9,0,6,8,3]
4: [1,0,3,0,948,1,8,0,4,17]
5: [4,2,0,18,2,840,7,2,12,5]
6: [4,4,1,0,5,5,933,0,6,0]
7: [3,7,12,8,5,0,0,982,4,7]
8: [4,5,3,12,5,5,2,2,935,1]
9: [7,6,1,14,16,4,1,4,3,953]

Epoca: 12
Erro: 0.00611622
acertos: 96.63
0: [967,1,0,2,1,1,3,1,2,2]
1: [0,1121,3,2,0,0,2,0,7,0]
2: [5,3,1000,13,2,1,1,2,5,0]
3: [0,0,6,981,0,9,0,6,5,3]
4: [1,1,3,0,950,1,8,0,3,15]
5: [5,2,0,18,2,841,6,2,11,5]
6: [4,3,2,0,4,5,935,0,5,0]
7: [3,6,12,8,2,0,0,984,4,9]
8: [4,4,4,14,5,6,2,3,931,1]
9: [7,6,1,13,16,4,1,4,4,953]

Epoca: 13
Erro: 0.00567412
acertos: 96.74
0: [968,1,0,1,1,1,3,1,2,2]
1: [0,1121,3,2,0,1,2,0,6,0]
2: [5,3,1002,11,1,1,2,2,5,0]
3: [0,0,6,979,0,9,0,7,6,3]
4: [1,0,3,0,948,1,8,0,4,17]
5: [4,3,0,17,2,846,5,2,8,5]
6: [4,3,2,0,4,6,934,0,5,0]
7: [3,6,11,7,4,0,0,984,4,9]
8: [4,5,2,11,6,7,2,2,934,1]
9: [7,6,1,13,13,4,1,4,2,958]

Epoca: 14
Erro: 0.00532568
acertos: 96.78
0: [970,1,0,1,1,0,3,1,1,2]
1: [0,1123,1,2,0,0,2,0,7,0]
2: [6,3,1001,10,1,0,2,3,6,0]
3: [0,0,6,978,0,9,0,7,7,3]
4: [1,0,3,0,947,1,8,0,4,18]
5: [5,3,0,17,2,846,6,2,6,5]
6: [4,4,2,0,4,6,932,0,6,0]
7: [2,6,12,6,3,0,0,987,3,9]
8: [3,4,2,12,6,7,2,3,933,2]
9: [7,6,1,12,9,4,1,5,3,961]

Epoca: 15
Erro: 0.00501489
acertos: 96.81
0: [970,1,0,1,1,0,2,1,2,2]
1: [0,1123,1,2,0,0,2,0,7,0]
2: [5,3,1003,9,1,1,2,2,6,0]
3: [0,0,6,976,0,9,0,7,9,3]
4: [1,0,4,0,940,1,7,0,4,25]
5: [3,2,0,16,2,852,5,2,6,4]
6: [4,3,2,0,4,9,931,0,5,0]
7: [2,7,12,7,2,0,0,984,3,11]
8: [3,5,2,12,6,8,1,2,933,2]
9: [6,6,1,10,7,3,1,4,2,969]

Epoca: 16
Erro: 0.00472424
acertos: 96.84
0: [969,1,0,1,1,1,2,1,2,2]
1: [0,1123,2,2,0,0,2,0,6,0]
2: [4,3,1008,9,0,0,2,2,4,0]
3: [0,0,7,977,0,9,0,7,8,2]
4: [1,1,5,0,946,1,5,0,4,19]
5: [3,3,0,17,2,846,5,2,9,5]
6: [4,4,3,0,4,9,929,0,5,0]
7: [2,6,12,3,2,0,0,991,1,11]
8: [3,4,4,14,6,4,2,2,933,2]
9: [7,6,1,12,10,4,1,5,1,962]

Epoca: 17
Erro: 0.00450551
acertos: 96.93
0: [967,1,0,0,1,2,3,1,3,2]
1: [0,1124,1,2,0,0,2,0,6,0]
2: [4,3,1006,9,0,0,2,3,5,0]
3: [0,0,7,976,0,9,0,7,8,3]
4: [1,1,5,0,948,1,5,0,4,17]
5: [3,2,0,15,2,854,4,1,7,4]
6: [4,4,3,0,4,12,927,0,4,0]
7: [2,6,12,2,2,0,0,993,1,10]
8: [3,3,3,11,6,9,1,2,935,1]
9: [4,6,1,11,11,6,1,4,2,963]

Epoca: 18
Erro: 0.00427298
acertos: 96.56
