Epoca: 0
Erro: 0.0571681
acertos: 85
0: [880,0,2,4,3,4,60,3,12,12]
1: [1,1111,3,1,0,0,6,0,9,4]
2: [14,15,856,21,9,1,44,12,45,15]
3: [5,9,10,834,2,27,18,5,31,69]
4: [1,4,2,0,640,0,35,0,8,292]
5: [6,16,5,25,17,693,43,6,55,26]
6: [1,3,2,0,1,8,935,2,4,2]
7: [1,32,20,3,5,0,2,786,8,171]
8: [1,15,3,11,8,3,17,2,855,59]
9: [4,6,0,5,7,2,2,1,8,974]

Epoca: 1
Erro: 0.04262
acertos: 88
0: [970,0,0,2,0,2,2,1,2,1]
1: [1,1108,0,9,0,1,5,0,11,0]
2: [33,12,877,54,5,1,16,14,12,8]
3: [8,2,7,924,1,33,3,11,3,18]
4: [24,6,2,1,709,1,36,4,7,192]
5: [37,4,3,33,2,767,16,3,19,8]
6: [27,3,4,1,1,17,903,0,2,0]
7: [12,11,17,8,0,4,2,898,6,70]
8: [43,10,3,70,4,15,15,5,776,33]
9: [14,7,0,12,6,8,1,5,2,954]

Epoca: 2
Erro: 0.0408118
acertos: 89
0: [958,0,0,1,1,0,17,1,2,0]
1: [0,1103,1,3,3,2,10,1,12,0]
2: [23,8,885,16,12,1,47,23,16,1]
3: [26,2,13,880,3,28,21,20,16,1]
4: [4,0,1,0,911,0,48,1,4,13]
5: [25,0,1,12,10,767,56,6,13,2]
6: [7,2,0,0,2,2,945,0,0,0]
7: [15,12,18,6,11,1,5,949,6,5]
8: [40,9,2,13,13,12,45,13,827,0]
9: [76,6,2,10,84,8,12,54,15,742]

Epoca: 3
Erro: 0.0420431
acertos: 91
0: [960,0,0,2,0,3,11,1,2,1]
1: [0,1108,3,5,0,1,8,0,9,1]
2: [21,6,915,27,10,1,27,9,11,5]
3: [3,1,15,957,1,5,5,7,6,10]
4: [1,2,2,5,857,0,30,3,3,79]
5: [14,1,3,48,4,768,30,6,7,11]
6: [11,3,1,1,2,15,924,1,0,0]
7: [6,16,19,7,3,1,7,922,2,45]
8: [13,10,5,72,8,14,21,8,789,34]
9: [13,7,1,21,13,2,3,12,1,936]

Epoca: 4
Erro: 0.0445636
