Epoca: 0
Erro: 0.183579
acertos: 10.28
0: [0,0,0,0,0,0,0,980,0,0]
1: [0,0,0,0,0,0,0,1135,0,0]
2: [0,0,0,0,0,0,0,1032,0,0]
3: [0,0,0,0,0,0,0,1010,0,0]
4: [0,0,0,0,0,0,0,982,0,0]
5: [0,0,0,0,0,0,0,892,0,0]
6: [0,0,0,0,0,0,0,958,0,0]
7: [0,0,0,0,0,0,0,1028,0,0]
8: [0,0,0,0,0,0,0,974,0,0]
9: [0,0,0,0,0,0,0,1009,0,0]

Epoca: 1
Erro: 0.179957
acertos: 10.28
0: [0,0,0,0,0,0,0,980,0,0]
1: [0,0,0,0,0,0,0,1135,0,0]
2: [0,0,0,0,0,0,0,1032,0,0]
3: [0,0,0,0,0,0,0,1010,0,0]
4: [0,0,0,0,0,0,0,982,0,0]
5: [0,0,0,0,0,0,0,892,0,0]
6: [0,0,0,0,0,0,0,958,0,0]
7: [0,0,0,0,0,0,0,1028,0,0]
8: [0,0,0,0,0,0,0,974,0,0]
9: [0,0,0,0,0,0,0,1009,0,0]

Epoca: 2
Erro: 0.179957
acertos: 10.28
0: [0,0,0,0,0,0,0,980,0,0]
1: [0,0,0,0,0,0,0,1135,0,0]
2: [0,0,0,0,0,0,0,1032,0,0]
3: [0,0,0,0,0,0,0,1010,0,0]
4: [0,0,0,0,0,0,0,982,0,0]
5: [0,0,0,0,0,0,0,892,0,0]
6: [0,0,0,0,0,0,0,958,0,0]
7: [0,0,0,0,0,0,0,1028,0,0]
8: [0,0,0,0,0,0,0,974,0,0]
9: [0,0,0,0,0,0,0,1009,0,0]

Epoca: 3
Erro: 0.179957
acertos: 10.28
0: [0,0,0,0,0,0,0,980,0,0]
1: [0,0,0,0,0,0,0,1135,0,0]
2: [0,0,0,0,0,0,0,1032,0,0]
3: [0,0,0,0,0,0,0,1010,0,0]
4: [0,0,0,0,0,0,0,982,0,0]
5: [0,0,0,0,0,0,0,892,0,0]
6: [0,0,0,0,0,0,0,958,0,0]
7: [0,0,0,0,0,0,0,1028,0,0]
8: [0,0,0,0,0,0,0,974,0,0]
9: [0,0,0,0,0,0,0,1009,0,0]

Epoca: 4
Erro: 0.179957
acertos: 10.28
0: [0,0,0,0,0,0,0,980,0,0]
1: [0,0,0,0,0,0,0,1135,0,0]
2: [0,0,0,0,0,0,0,1032,0,0]
3: [0,0,0,0,0,0,0,1010,0,0]
4: [0,0,0,0,0,0,0,982,0,0]
5: [0,0,0,0,0,0,0,892,0,0]
6: [0,0,0,0,0,0,0,958,0,0]
7: [0,0,0,0,0,0,0,1028,0,0]
8: [0,0,0,0,0,0,0,974,0,0]
9: [0,0,0,0,0,0,0,1009,0,0]

Epoca: 5
