Epoca: 0
Erro: 0.0574563
acertos: 86.77
0: [965,1,0,5,0,0,3,1,4,1]
1: [0,1124,2,3,0,0,2,0,4,0]
2: [17,55,815,89,6,0,10,8,19,13]
3: [1,6,10,959,0,5,1,8,5,15]
4: [4,16,1,1,720,0,14,1,16,209]
5: [37,24,3,117,13,623,17,6,33,19]
6: [25,13,2,1,2,9,900,1,4,1]
7: [4,35,23,11,8,0,0,873,8,66]
8: [7,55,1,117,3,6,4,4,750,27]
9: [7,11,0,17,5,2,0,8,11,948]

Epoca: 1
Erro: 0.043111
acertos: 88.91
0: [960,0,0,1,5,0,6,1,6,1]
1: [1,1102,0,3,4,0,4,0,21,0]
2: [42,23,816,25,24,1,16,12,54,19]
3: [28,5,7,873,8,7,10,5,27,40]
4: [1,1,1,0,907,0,8,1,4,59]
5: [34,7,1,38,61,661,20,9,41,20]
6: [15,4,1,0,13,4,909,0,12,0]
7: [13,13,9,2,15,0,1,856,4,115]
8: [13,4,1,8,29,5,8,3,868,35]
9: [11,4,0,7,34,3,0,3,8,939]

Epoca: 2
Erro: 0.0408892
acertos: 89.36
0: [956,1,0,8,1,0,5,1,4,4]
1: [0,1112,2,7,0,1,4,0,9,0]
2: [29,13,865,47,6,0,12,10,25,25]
3: [4,2,4,966,0,2,1,4,12,15]
4: [4,7,0,12,784,1,8,1,5,160]
5: [35,10,2,101,4,691,14,6,13,16]
6: [26,4,1,3,2,8,906,0,4,4]
7: [5,27,14,24,2,0,2,871,2,81]
8: [10,17,1,65,5,5,5,3,828,35]
9: [5,10,0,22,4,2,1,4,4,957]

Epoca: 3
Erro: 0.0434033
acertos: 89.13
