Epoca: 0
Erro: 0.0520977
acertos: 87.99
0: [933,1,7,14,2,2,12,1,7,1]
1: [0,1110,2,8,0,0,3,0,12,0]
2: [9,10,927,39,8,1,23,6,7,2]
3: [0,4,19,962,1,0,1,5,15,3]
4: [0,5,6,6,809,1,38,0,20,97]
5: [11,26,9,139,10,619,29,2,35,12]
6: [9,7,6,4,7,12,907,0,6,0]
7: [10,16,35,21,10,0,1,839,9,87]
8: [4,15,6,113,10,7,8,2,806,3]
9: [12,7,18,25,19,1,2,6,32,887]

Epoca: 1
Erro: 0.0351805
acertos: 89.77
0: [933,0,7,4,0,6,6,1,22,1]
1: [0,1108,1,4,0,1,5,0,16,0]
2: [12,17,844,97,13,0,27,7,13,2]
3: [2,11,11,925,2,12,3,15,21,8]
4: [2,9,4,1,828,0,23,3,5,107]
5: [19,6,5,37,7,767,16,5,22,8]
6: [17,7,2,0,8,15,906,0,3,0]
7: [1,27,35,4,5,1,2,897,1,55]
8: [6,14,5,45,10,19,12,4,838,21]
9: [6,11,3,11,20,5,0,9,13,931]

Epoca: 2
Erro: 0.0326655
acertos: 89.1
