Epoca: 0
Erro: 0.0587024
acertos: 90.27
0: [942,0,3,5,5,9,9,3,2,2]
1: [0,1105,2,14,1,2,5,1,5,0]
2: [8,6,851,106,12,0,19,7,20,3]
3: [0,1,8,957,0,13,1,8,8,14]
4: [1,0,4,1,887,0,18,1,2,68]
5: [6,3,0,56,4,782,12,1,15,13]
6: [5,3,2,0,2,21,923,0,1,1]
7: [5,15,18,18,5,1,1,886,7,72]
8: [4,9,2,150,11,17,9,2,757,13]
9: [7,6,0,17,27,5,1,4,5,937]

Epoca: 1
Erro: 0.025984
acertos: 92.02
0: [962,0,0,1,1,4,4,1,4,3]
1: [0,1120,2,2,1,1,4,0,3,2]
2: [16,5,922,30,7,0,19,10,19,4]
3: [2,4,7,947,0,9,1,9,14,17]
4: [1,0,1,0,870,0,24,0,1,85]
5: [6,1,0,24,5,786,26,2,24,18]
6: [17,2,1,1,1,6,928,0,1,1]
7: [1,19,12,8,8,0,1,856,0,123]
8: [12,16,2,23,10,10,17,4,852,28]
9: [8,6,1,11,14,3,1,3,3,959]

Epoca: 2
Erro: 0.0226517
acertos: 92.74
0: [968,0,0,1,1,3,2,1,2,2]
1: [0,1121,1,3,0,1,3,0,5,1]
2: [15,5,953,20,6,1,9,6,6,11]
3: [10,5,4,953,0,7,1,6,10,14]
4: [2,1,1,0,842,0,9,0,1,126]
5: [11,4,2,16,3,820,13,1,8,14]
6: [27,5,0,1,3,8,910,0,3,1]
7: [3,14,13,17,4,0,0,875,1,101]
8: [19,21,3,25,7,7,9,2,871,10]
9: [12,7,0,12,9,3,1,1,3,961]

Epoca: 3
Erro: 0.0217454
acertos: 93.19
0: [975,0,0,1,0,2,0,1,1,0]
1: [0,1116,1,3,1,1,2,0,11,0]
2: [12,16,925,41,8,0,7,9,13,1]
3: [3,1,2,973,0,5,1,10,10,5]
4: [9,2,0,2,945,0,10,0,2,12]
5: [32,3,0,26,6,782,24,1,14,4]
6: [19,4,0,0,2,1,928,0,4,0]
7: [6,23,11,8,10,0,1,920,8,41]
8: [38,6,0,35,8,4,17,3,857,6]
9: [12,9,1,15,63,0,1,2,8,898]

Epoca: 4
Erro: 0.0213247
acertos: 93.68
0: [969,0,0,0,1,1,6,1,1,1]
1: [0,1118,3,3,1,0,2,0,8,0]
2: [23,8,938,11,7,0,13,6,23,3]
3: [7,1,5,942,1,20,1,7,15,11]
4: [2,2,0,0,909,0,20,0,1,48]
5: [9,3,0,10,7,805,28,1,16,13]
6: [13,3,0,0,3,0,936,0,3,0]
7: [2,16,17,6,6,0,1,929,4,47]
8: [17,10,1,13,18,4,12,3,874,22]
9: [10,5,1,8,27,2,1,2,5,948]

Epoca: 5
Erro: 0.0230721
acertos: 93.32
