Epoca: 0
Erro: 0.180482
acertos: 10.28
0: [0,0,0,0,0,0,0,980,0,0]
1: [0,0,0,0,0,0,0,1135,0,0]
2: [0,0,0,0,0,0,0,1032,0,0]
3: [0,0,0,0,0,0,0,1010,0,0]
4: [0,0,0,0,0,0,0,982,0,0]
5: [0,0,0,0,0,0,0,892,0,0]
6: [0,0,0,0,0,0,0,958,0,0]
7: [0,0,0,0,0,0,0,1028,0,0]
8: [0,0,0,0,0,0,0,974,0,0]
9: [0,0,0,0,0,0,0,1009,0,0]

Epoca: 1
Erro: 0.180109
acertos: 10.28
0: [0,0,0,0,0,0,0,980,0,0]
1: [0,0,0,0,0,0,0,1135,0,0]
2: [0,0,0,0,0,0,0,1032,0,0]
3: [0,0,0,0,0,0,0,1010,0,0]
4: [0,0,0,0,0,0,0,982,0,0]
5: [0,0,0,0,0,0,0,892,0,0]
6: [0,0,0,0,0,0,0,958,0,0]
7: [0,0,0,0,0,0,0,1028,0,0]
8: [0,0,0,0,0,0,0,974,0,0]
9: [0,0,0,0,0,0,0,1009,0,0]

Epoca: 2
Erro: 0.149394
acertos: 84.67
0: [910,1,4,10,0,9,32,3,11,0]
1: [0,1041,3,23,1,0,3,0,61,3]
2: [9,2,853,85,13,0,29,6,28,7]
3: [2,0,6,946,1,15,2,8,22,8]
4: [1,0,3,1,689,0,31,0,36,221]
5: [18,2,4,116,11,599,25,4,102,11]
6: [13,2,5,0,11,19,880,1,27,0]
7: [0,4,22,41,9,0,1,820,11,120]
8: [9,1,5,117,7,7,4,1,809,14]
9: [7,2,7,24,14,4,2,4,25,920]

Epoca: 3
Erro: 0.0346665
acertos: 89.32
0: [959,0,0,1,1,3,3,1,11,1]
1: [0,1110,1,5,1,1,3,0,14,0]
2: [15,7,859,89,5,0,29,6,16,6]
3: [0,1,5,941,1,22,1,6,13,20]
4: [2,2,4,0,790,0,23,0,5,156]
5: [17,9,1,32,4,774,23,1,12,19]
6: [16,2,1,0,3,8,916,0,12,0]
7: [2,11,16,16,6,1,1,770,3,202]
8: [4,12,2,29,12,31,12,2,852,18]
9: [11,7,0,12,6,5,0,0,7,961]

Epoca: 4
Erro: 0.0251947
acertos: 91.47
0: [951,0,0,1,0,9,15,1,2,1]
1: [0,1115,1,3,1,1,3,0,11,0]
2: [12,13,916,40,0,2,23,4,20,2]
3: [0,11,11,909,0,45,2,3,16,13]
4: [1,7,7,0,841,1,60,0,7,58]
5: [5,4,0,11,3,823,30,0,10,6]
6: [5,3,2,0,1,6,939,0,2,0]
7: [3,26,34,11,2,1,6,836,14,95]
8: [3,16,3,10,7,27,21,2,876,9]
9: [6,15,1,10,15,10,3,1,7,941]

Epoca: 5
Erro: 0.0213766
acertos: 93.67
0: [961,0,4,1,0,2,4,1,6,1]
1: [0,1121,3,3,0,0,2,0,6,0]
2: [5,14,953,29,4,0,14,5,8,0]
3: [0,3,9,958,0,11,1,9,9,10]
4: [1,1,4,0,898,0,25,0,2,51]
5: [4,4,1,44,9,787,15,5,20,3]
6: [6,4,4,1,0,4,930,0,9,0]
7: [5,14,27,5,4,0,1,940,2,30]
8: [5,19,1,28,7,6,7,6,889,6]
9: [8,5,1,17,31,3,1,6,7,930]

Epoca: 6
Erro: 0.0193879
acertos: 93.02
