Epoca 0:
	 0 is 089{1,-1,-1,-1,-1,-1,-1,-1,1,1}{1,-1,-1,-1,-1,-1,-1,-1,-1,-1}
	 1 is 129{-1,1,1,-1,-1,-1,-1,-1,-1,1}{-1,1,-1,-1,-1,-1,-1,-1,-1,-1}
	 2 is 9{-1,-1,-1,-1,-1,-1,-1,-1,-1,1}{-1,-1,1,-1,-1,-1,-1,-1,-1,-1}
	 3 is 79{-1,-1,-1,-1,-1,-1,-1,1,-1,1}{-1,-1,-1,1,-1,-1,-1,-1,-1,-1}
	 4 is 4568{-1,-1,-1,-1,1,1,1,-1,1,-1}{-1,-1,-1,-1,1,-1,-1,-1,-1,-1}
	 5 is 69{-1,-1,-1,-1,-1,-1,1,-1,-1,1}{-1,-1,-1,-1,-1,1,-1,-1,-1,-1}
	 6 is 689{-1,-1,-1,-1,-1,-1,1,-1,1,1}{-1,-1,-1,-1,-1,-1,1,-1,-1,-1}
	 7 is 789{-1,-1,-1,-1,-1,-1,-1,1,1,1}{-1,-1,-1,-1,-1,-1,-1,1,-1,-1}
	 8 is 89{-1,-1,-1,-1,-1,-1,-1,-1,1,1}{-1,-1,-1,-1,-1,-1,-1,-1,1,-1}
	 9 is 9{-1,-1,-1,-1,-1,-1,-1,-1,-1,1}{-1,-1,-1,-1,-1,-1,-1,-1,-1,1}
Epoca 1:
	 0 is 03{1,-1,-1,1,-1,-1,-1,-1,-1,-1}{1,-1,-1,-1,-1,-1,-1,-1,-1,-1}
	 1 is 1568{-1,1,-1,-1,-1,1,1,-1,1,-1}{-1,1,-1,-1,-1,-1,-1,-1,-1,-1}
	 2 is 29{-1,-1,1,-1,-1,-1,-1,-1,-1,1}{-1,-1,1,-1,-1,-1,-1,-1,-1,-1}
	 3 is 3{-1,-1,-1,1,-1,-1,-1,-1,-1,-1}{-1,-1,-1,1,-1,-1,-1,-1,-1,-1}
	 4 is 24{-1,-1,1,-1,1,-1,-1,-1,-1,-1}{-1,-1,-1,-1,1,-1,-1,-1,-1,-1}
	 5 is 5{-1,-1,-1,-1,-1,1,-1,-1,-1,-1}{-1,-1,-1,-1,-1,1,-1,-1,-1,-1}
	 6 is 68{-1,-1,-1,-1,-1,-1,1,-1,1,-1}{-1,-1,-1,-1,-1,-1,1,-1,-1,-1}
	 7 is 7{-1,-1,-1,-1,-1,-1,-1,1,-1,-1}{-1,-1,-1,-1,-1,-1,-1,1,-1,-1}
	 8 is 8{-1,-1,-1,-1,-1,-1,-1,-1,1,-1}{-1,-1,-1,-1,-1,-1,-1,-1,1,-1}
	 9 is 9{-1,-1,-1,-1,-1,-1,-1,-1,-1,1}{-1,-1,-1,-1,-1,-1,-1,-1,-1,1}
Epoca 2:
	 0 is 06{1,-1,-1,-1,-1,-1,1,-1,-1,-1}{1,-1,-1,-1,-1,-1,-1,-1,-1,-1}
	 1 is 1{-1,1,-1,-1,-1,-1,-1,-1,-1,-1}{-1,1,-1,-1,-1,-1,-1,-1,-1,-1}
	 2 is 2{-1,-1,1,-1,-1,-1,-1,-1,-1,-1}{-1,-1,1,-1,-1,-1,-1,-1,-1,-1}
	 3 is 3{-1,-1,-1,1,-1,-1,-1,-1,-1,-1}{-1,-1,-1,1,-1,-1,-1,-1,-1,-1}
	 4 is 4{-1,-1,-1,-1,1,-1,-1,-1,-1,-1}{-1,-1,-1,-1,1,-1,-1,-1,-1,-1}
	 5 is 56{-1,-1,-1,-1,-1,1,1,-1,-1,-1}{-1,-1,-1,-1,-1,1,-1,-1,-1,-1}
	 6 is 6{-1,-1,-1,-1,-1,-1,1,-1,-1,-1}{-1,-1,-1,-1,-1,-1,1,-1,-1,-1}
	 7 is 7{-1,-1,-1,-1,-1,-1,-1,1,-1,-1}{-1,-1,-1,-1,-1,-1,-1,1,-1,-1}
	 8 is 8{-1,-1,-1,-1,-1,-1,-1,-1,1,-1}{-1,-1,-1,-1,-1,-1,-1,-1,1,-1}
	 9 is 9{-1,-1,-1,-1,-1,-1,-1,-1,-1,1}{-1,-1,-1,-1,-1,-1,-1,-1,-1,1}
Epoca 3:
	 0 is 0{1,-1,-1,-1,-1,-1,-1,-1,-1,-1}{1,-1,-1,-1,-1,-1,-1,-1,-1,-1}
	 1 is 1{-1,1,-1,-1,-1,-1,-1,-1,-1,-1}{-1,1,-1,-1,-1,-1,-1,-1,-1,-1}
	 2 is 2{-1,-1,1,-1,-1,-1,-1,-1,-1,-1}{-1,-1,1,-1,-1,-1,-1,-1,-1,-1}
	 3 is 3{-1,-1,-1,1,-1,-1,-1,-1,-1,-1}{-1,-1,-1,1,-1,-1,-1,-1,-1,-1}
	 4 is 4{-1,-1,-1,-1,1,-1,-1,-1,-1,-1}{-1,-1,-1,-1,1,-1,-1,-1,-1,-1}
	 5 is 5{-1,-1,-1,-1,-1,1,-1,-1,-1,-1}{-1,-1,-1,-1,-1,1,-1,-1,-1,-1}
	 6 is 6{-1,-1,-1,-1,-1,-1,1,-1,-1,-1}{-1,-1,-1,-1,-1,-1,1,-1,-1,-1}
	 7 is 7{-1,-1,-1,-1,-1,-1,-1,1,-1,-1}{-1,-1,-1,-1,-1,-1,-1,1,-1,-1}
	 8 is 8{-1,-1,-1,-1,-1,-1,-1,-1,1,-1}{-1,-1,-1,-1,-1,-1,-1,-1,1,-1}
	 9 is 9{-1,-1,-1,-1,-1,-1,-1,-1,-1,1}{-1,-1,-1,-1,-1,-1,-1,-1,-1,1}
